0.000000e+00 1.000000e-01
1.000000e-01 1.000000e-01
2.000000e-01 1.000000e-01
3.000000e-01 1.000000e-01
4.000000e-01 1.000000e-01
5.000000e-01 1.000000e-01
6.000000e-01 1.000000e-01
7.000000e-01 1.000000e-01
8.000000e-01 1.000000e-01
9.000000e-01 1.000000e-01
1.000000e+00 1.000000e-01
1.100000e+00 1.000000e-01
1.200000e+00 1.000000e-01
1.300000e+00 1.000000e-01
1.400000e+00 1.000000e-01
1.500000e+00 1.000000e-01
1.600000e+00 1.000000e-01
1.700000e+00 1.000000e-01
1.800000e+00 1.000000e-01
1.900000e+00 1.000000e-01
2.000000e+00 1.000000e-01
2.100000e+00 1.000000e-01
2.200000e+00 1.000000e-01
2.300000e+00 1.000000e-01
2.400000e+00 1.000000e-01
2.500000e+00 1.000000e-01
2.600000e+00 1.000000e-01
2.700000e+00 1.000000e-01
2.800000e+00 1.000000e-01
2.900000e+00 1.000000e-01
3.000000e+00 1.000000e-01
3.100000e+00 1.000000e-01
3.200000e+00 1.000000e-01
3.300000e+00 1.000000e-01
3.400000e+00 5.000000e-02
3.450000e+00 2.500000e-02
3.475000e+00 2.500000e-02
3.500000e+00 6.250000e-03
3.506250e+00 3.125000e-03
3.509375e+00 1.562500e-03
3.510938e+00 1.562500e-03
3.512500e+00 3.906250e-04
