0.000000e+00 1.249519e-01
1.000000e-01 1.262746e-01
2.000000e-01 1.276405e-01
3.000000e-01 1.290521e-01
4.000000e-01 1.305123e-01
5.000000e-01 1.320242e-01
6.000000e-01 1.335911e-01
7.000000e-01 1.352168e-01
8.000000e-01 1.369053e-01
9.000000e-01 1.386611e-01
1.000000e+00 1.404894e-01
1.100000e+00 1.423956e-01
1.200000e+00 1.443860e-01
1.300000e+00 1.464676e-01
1.400000e+00 1.486485e-01
1.500000e+00 1.509375e-01
1.600000e+00 1.533451e-01
1.700000e+00 1.558829e-01
1.800000e+00 1.585647e-01
1.900000e+00 1.614063e-01
2.000000e+00 1.644265e-01
2.100000e+00 1.676475e-01
2.200000e+00 1.710959e-01
2.300000e+00 1.748041e-01
2.400000e+00 1.788117e-01
2.500000e+00 1.831689e-01
2.600000e+00 1.879391e-01
2.700000e+00 1.932056e-01
2.800000e+00 1.990805e-01
2.900000e+00 2.057199e-01
3.000000e+00 2.133517e-01
3.100000e+00 2.223307e-01
3.200000e+00 2.332594e-01
3.300000e+00 2.473148e-01
3.400000e+00 2.674682e-01
3.450000e+00 2.827642e-01
3.475000e+00 2.936414e-01
3.500000e+00 3.105922e-01
3.506250e+00 3.176904e-01
3.509375e+00 3.227095e-01
3.510938e+00 3.261322e-01
3.512500e+00 3.313947e-01
3.512891e+00 3.337771e-01
