0.000000e+00 1.249519e-01
6.868788e-01 1.350000e-01
1.665820e+00 1.550000e-01
2.305079e+00 1.750000e-01
3.019704e+00 2.150000e-01
3.390041e+00 2.650000e-01
3.504143e+00 3.150000e-01
3.502863e+00 3.650000e-01
3.447046e+00 4.150000e-01
3.365502e+00 4.650000e-01
3.272733e+00 5.150000e-01
3.176323e+00 5.650000e-01
3.080308e+00 6.150000e-01
2.986824e+00 6.650000e-01
2.896958e+00 7.150000e-01
2.811203e+00 7.650000e-01
2.729718e+00 8.150000e-01
2.652469e+00 8.650000e-01
2.579317e+00 9.150000e-01
2.510066e+00 9.650000e-01
2.444496e+00 1.015000e+00
