-5.000000e+00 3.726653e-06
-4.898990e+00 6.143899e-06
-4.797980e+00 1.002624e-05
-4.696970e+00 1.619574e-05
-4.595960e+00 2.589599e-05
-4.494949e+00 4.098578e-05
-4.393939e+00 6.420999e-05
-4.292929e+00 9.957286e-05
-4.191919e+00 1.528439e-04
-4.090909e+00 2.322332e-04
-3.989899e+00 3.492764e-04
-3.888889e+00 5.199757e-04
-3.787879e+00 7.662417e-04
-3.686869e+00 1.117680e-03
-3.585859e+00 1.613756e-03
-3.484848e+00 2.306361e-03
-3.383838e+00 3.262762e-03
-3.282828e+00 4.568909e-03
-3.181818e+00 6.332986e-03
-3.080808e+00 8.689071e-03
-2.979798e+00 1.180068e-02
-2.878788e+00 1.586389e-02
-2.777778e+00 2.110966e-02
-2.676768e+00 2.780491e-02
-2.575758e+00 3.625190e-02
-2.474747e+00 4.678523e-02
-2.373737e+00 5.976610e-02
-2.272727e+00 7.557227e-02
-2.171717e+00 9.457766e-02
-2.070707e+00 1.170935e-01
-1.969697e+00 1.431862e-01
-1.868687e+00 1.722216e-01
-1.767677e+00 2.020616e-01
-1.666667e+00 2.282426e-01
-1.565657e+00 2.440006e-01
-1.464646e+00 2.419529e-01
-1.363636e+00 2.171681e-01
-1.262626e+00 1.700147e-01
-1.161616e+00 1.069483e-01
-1.060606e+00 3.865095e-02
-9.595960e-01 -2.342737e-02
-8.585859e-01 -7.036304e-02
-7.575758e-01 -9.761296e-02
-6.565657e-01 -1.051649e-01
-5.555556e-01 -9.648968e-02
-4.545455e-01 -7.703085e-02
-3.535354e-01 -5.280047e-02
-2.525253e-01 -2.935037e-02
-1.515152e-01 -1.114932e-02
-5.050505e-02 -1.271314e-03
5.050505e-02 -1.271314e-03
1.515152e-01 -1.114932e-02
2.525253e-01 -2.935037e-02
3.535354e-01 -5.280047e-02
4.545455e-01 -7.703085e-02
5.555556e-01 -9.648968e-02
6.565657e-01 -1.051649e-01
7.575758e-01 -9.761296e-02
8.585859e-01 -7.036304e-02
9.595960e-01 -2.342737e-02
1.060606e+00 3.865095e-02
1.161616e+00 1.069483e-01
1.262626e+00 1.700147e-01
1.363636e+00 2.171681e-01
1.464646e+00 2.419529e-01
1.565657e+00 2.440006e-01
1.666667e+00 2.282426e-01
1.767677e+00 2.020616e-01
1.868687e+00 1.722216e-01
1.969697e+00 1.431862e-01
2.070707e+00 1.170935e-01
2.171717e+00 9.457766e-02
2.272727e+00 7.557227e-02
2.373737e+00 5.976610e-02
2.474747e+00 4.678523e-02
2.575758e+00 3.625190e-02
2.676768e+00 2.780491e-02
2.777778e+00 2.110966e-02
2.878788e+00 1.586389e-02
2.979798e+00 1.180068e-02
3.080808e+00 8.689071e-03
3.181818e+00 6.332986e-03
3.282828e+00 4.568909e-03
3.383838e+00 3.262762e-03
3.484848e+00 2.306361e-03
3.585859e+00 1.613756e-03
3.686869e+00 1.117680e-03
3.787879e+00 7.662417e-04
3.888889e+00 5.199757e-04
3.989899e+00 3.492764e-04
4.090909e+00 2.322332e-04
4.191919e+00 1.528439e-04
4.292929e+00 9.957286e-05
4.393939e+00 6.420999e-05
4.494949e+00 4.098578e-05
4.595960e+00 2.589599e-05
4.696970e+00 1.619574e-05
4.797980e+00 1.002624e-05
4.898990e+00 6.143899e-06
5.000000e+00 3.726653e-06
