0 0
0.0196078 0.0105791
0.0392157 0.0207696
0.0588235 0.0305676
0.0784314 0.0399692
0.0980392 0.0489706
0.117647 0.0575683
0.137255 0.0657587
0.156863 0.0735386
0.176471 0.0809046
0.196078 0.0878537
0.215686 0.0943831
0.235294 0.10049
0.254902 0.106172
0.27451 0.111426
0.294118 0.11625
0.313725 0.120643
0.333333 0.124602
0.352941 0.128125
0.372549 0.131211
0.392157 0.133859
0.411765 0.136068
0.431373 0.137836
0.45098 0.139162
0.470588 0.140047
0.490196 0.140489
0.509804 0.140489
0.529412 0.140047
0.54902 0.139162
0.568627 0.137836
0.588235 0.136068
0.607843 0.133859
0.627451 0.131211
0.647059 0.128125
0.666667 0.124602
0.686275 0.120643
0.705882 0.11625
0.72549 0.111426
0.745098 0.106172
0.764706 0.10049
0.784314 0.0943831
0.803922 0.0878537
0.823529 0.0809046
0.843137 0.0735386
0.862745 0.0657587
0.882353 0.0575683
0.901961 0.0489706
0.921569 0.0399692
0.941176 0.0305676
0.960784 0.0207696
0.980392 0.0105791
1 0
