0 0
0.0196078 4.74946
0.0392157 9.4645
0.0588235 15.3364
0.0784314 21.1151
0.0980392 26.8939
0.117647 32.6727
0.137255 25.1004
0.156863 17.528
0.176471 15.4717
0.196078 13.4146
0.215686 11.3676
0.235294 8.33684
0.254902 15.6808
0.27451 15.9707
0.294118 8.57261
0.313725 11.6047
0.333333 10.725
0.352941 -1.2947
0.372549 27.4213
0.392157 14.1961
0.411765 18.8016
0.431373 23.367
0.45098 27.9324
0.470588 31.3691
0.490196 34.8471
0.509804 34.8471
0.529412 31.3691
0.54902 27.9324
0.568627 23.367
0.588235 18.8016
0.607843 14.1961
0.627451 27.4213
0.647059 -1.29472
0.666667 10.725
0.686275 11.6038
0.705882 8.57158
0.72549 15.9835
0.745098 15.7043
0.764706 8.34119
0.784314 11.3734
0.803922 13.4235
0.823529 15.4834
0.843137 17.5426
0.862745 25.1096
0.882353 32.6765
0.901961 26.8971
0.921569 21.1177
0.941176 15.3383
0.960784 9.46591
0.980392 4.75018
1 0
