0 0
0.0196078 0.212367
0.0392157 0.424259
0.0588235 0.635563
0.0784314 0.846141
0.0980392 1.05582
0.117647 1.2644
0.137255 1.47162
0.156863 1.67716
0.176471 1.88064
0.196078 2.0816
0.215686 2.27948
0.235294 2.47361
0.254902 2.66317
0.27451 2.84722
0.294118 3.02464
0.313725 3.19414
0.333333 3.35427
0.352941 3.50339
0.372549 3.63974
0.392157 3.76144
0.411765 3.86661
0.431373 3.95341
0.45098 4.02018
0.470588 4.06552
0.490196 4.08846
0.509804 4.08846
0.529412 4.06552
0.54902 4.02018
0.568627 3.95341
0.588235 3.86661
0.607843 3.76144
0.627451 3.63974
0.647059 3.50339
0.666667 3.35427
0.686275 3.19414
0.705882 3.02464
0.72549 2.84722
0.745098 2.66317
0.764706 2.47361
0.784314 2.27948
0.803922 2.0816
0.823529 1.88064
0.843137 1.67716
0.862745 1.47162
0.882353 1.2644
0.901961 1.05582
0.921569 0.846141
0.941176 0.635563
0.960784 0.424259
0.980392 0.212367
1 0
